	0	2	200015.6	3.09245	0.0031253	1	3.092451	0.0579049	-6.328222E-006	-0.1080575	10	0.0032335	0.0100001	-327.5937
	1	3	158953.1	3.092295	-0.0387611	1	3.092538	-0.71815	-4.829996E-006	-0.1080485	10	0.0039684	0.0122695	-327.5937
	2	5	126234.4	3.094245	-0.0800067	1	3.095279	-1.481146	-5.370726E-006	-0.1080565	10	0.0039395	0.0121896	-327.5937
	3	6	100265.6	3.095503	-0.1239684	1	3.097985	-2.29335	-1.363112E-006	-0.1080485	10	0.0036506	0.0112793	-327.5937
	4	8	79640.63	3.101053	-0.1706863	1	3.105746	-3.150462	-1.557382E-006	-0.1080497	10	0.0039275	0.0121718	-327.5937
	5	9	63328.12	3.107412	-0.2241605	1	3.115487	-4.126019	-9.059531E-007	-0.1080463	10	0.0037594	0.0116944	-327.5937
	6	11	50296.88	3.115921	-0.2861129	1	3.12903	-5.246352	-1.622102E-006	-0.1080504	10	0.0036151	0.0113	-327.5937
	7	12	39984.37	3.127667	-0.3592756	1	3.148235	-6.552853	-7.631697E-007	-0.1080454	10	0.0034794	0.0109464	-327.5937
	8	14	31734.38	3.141448	-0.4471147	1	3.173107	-8.100366	-1.472139E-006	-0.1080506	10	0.0033624	0.0106644	-327.5937
	9	15	25265.63	3.160047	-0.550667	1	3.207667	-9.88505	-2.09736E-006	-0.10805	10	0.0032525	0.01043	-327.5937
	10	17	20015.62	3.182977	-0.6786535	1	3.254522	-12.03601	-1.177299E-006	-0.1080509	10	0.0031586	0.010278	-327.5937
	11	19	15890.62	3.212613	-0.8334514	1	3.318964	-14.54368	-1.630029E-006	-0.1080485	10	0.0030631	0.0101652	-327.5937
	12	20	12703.13	3.246634	-1.015583	1	3.401771	-17.37026	-9.928481E-007	-0.1080491	10	0.0029656	0.0100876	-327.5937
	13	22	10078.13	3.290138	-1.244262	1	3.517555	-20.71557	-9.723959E-007	-0.1080479	10	0.0028548	0.0100415	-327.5937
	14	23	8015.625	3.341487	-1.521749	1	3.671683	-24.48503	-1.782479E-006	-0.1080518	10	0.0027239	0.0100012	-327.5937
	15	25	6328.125	3.405973	-1.870749	1	3.885918	-28.77803	-1.239277E-006	-0.108049	10	0.0025689	0.0099824	-327.5937
	16	26	5009.191	3.483566	-2.295834	1	4.17206	-33.38676	-1.683457E-006	-0.108049	10	0.0023905	0.0099731	-327.5937
	17	28	3998.162	3.5748	-2.796319	1	4.538568	-38.03362	-1.124658E-006	-0.1080464	10	0.0021967	0.0099697	-327.5937
	18	29	3170.956	3.686102	-3.430107	1	5.035175	-42.93975	-1.445011E-006	-0.1080455	10	0.0019789	0.009964	-327.5937
	19	31	2527.573	3.815846	-4.186236	1	5.664384	-47.65014	-2.362732E-006	-0.108044	10	0.0017594	0.0099661	-327.5937
	20	32	2015.625	3.969741	-5.114704	1	6.474492	-52.18343	-1.21221E-006	-0.1080476	9	0.0015938	0.0103191	-327.5937
	21	34	1577.524	4.169475	-6.35628	1	7.601764	-56.73667	-8.773131E-007	-0.1080466	9	0.0012989	0.0098742	-327.5937
	22	35	1265.625	4.382366	-7.733665	1	8.889021	-60.46146	-1.273975E-006	-0.108049	9	0.0011153	0.0099139	-327.5937
	23	37	998.264	4.660481	-9.56205	1	10.63734	-64.0157	-7.38497E-007	-0.1080508	9	0.0009337	0.0099317	-327.5937
	24	38	796.875	4.975799	-11.70742	1	12.72093	-66.9739	-1.166917E-006	-0.1080483	9	0.0007825	0.0099545	-327.5937
	25	40	627.7902	5.374385	-14.51717	1	15.48006	-69.68501	-7.338858E-007	-0.1080426	9	0.0006437	0.0099648	-327.5937
	26	42	505.5147	5.820154	-17.65638	1	18.59091	-71.75599	-1.438002E-008	-0.1080409	9	0.0005311	0.0098371	-327.5937
	27	43	397.9953	6.410557	-21.93203	1	22.84971	-73.70678	-1.885564E-008	-0.1080473	9	0.0004432	0.0101006	-327.5937
	28	45	315.5048	7.10867	-27.08624	1	28.00353	-75.2946	-2.32867E-008	-0.1080407	9	0.0003586	0.0100247	-327.5937
	29	46	252.4038	7.920177	-33.18708	1	34.11908	-76.57729	-8.571988E-010	-0.1080436	9	0.0002934	0.0100003	-327.5937
	30	48	198.6229	8.988625	-41.30352	1	42.27028	-77.72251	-4.7703E-010	-0.1080442	9	0.0002365	0.0099893	-327.5937
	31	49	158.3615	10.23009	-50.81855	1	51.83801	-78.61813	1.543185E-008	-0.1080452	9	0.0001929	0.0099953	-327.5937
	32	51	125.558	11.79547	-62.87669	1	63.97352	-79.37498	-1.619375E-008	-0.108041	9	0.0001562	0.009992	-327.5937
	33	52	100.4464	13.6456	-77.19581	1	78.39257	-79.9756	-5.774768E-008	-0.1080628	8	0.0001275	0.0099901	-327.5937
	34	54	79.90057	15.98725	-95.2753	1	96.6074	-80.47448	-5.20937E-008	-0.1080693	8	0.0001034	0.0099922	-327.5937
	35	55	63.3446	18.93402	-117.9755	1	119.4852	-80.88229	-2.255484E-008	-0.1080676	8	8.35793E-005	0.0099858	-327.5937
	36	57	50.22321	22.61749	-146.0538	1	147.7946	-81.19726	-4.541022E-008	-0.1080654	8	6.748189E-005	0.009973	-327.5937
	37	58	38.42213	27.94314	-186.9158	1	188.993	-81.49749	-7.00108E-008	-0.1080685	8	5.256315E-005	0.0099338	-327.5937
	38	60	31.25	33.15247	-226.1336	1	228.5509	-81.65953	-5.387356E-008	-0.1080695	8	4.323952E-005	0.0098823	-327.5937
	39	61	24.93351	40.19106	-278.521	1	281.4059	-81.7888	-3.238192E-008	-0.1080685	8	3.451939E-005	0.0097139	-327.5937
	40	63	19.86229	47.87427	-339.3438	1	342.7042	-81.96976	-1.324175E-007	-0.1080024	8	3.118931E-005	0.0106886	-327.5937
	41	64	16.05308	56.61705	-407.875	1	411.7858	-82.09728	-1.661689E-007	-0.1080071	8	2.428712E-005	0.010001	-327.5937
	42	66	12.40079	73.34884	-522.224	1	527.3499	-82.00484	-1.126631E-007	-0.1080007	8	1.896357E-005	0.0100004	-327.5937
	43	67	9.93114	91.32321	-642.3934	1	648.8522	-81.909	-9.800588E-008	-0.1080031	8	1.540887E-005	0.0099981	-327.5937
	44	69	7.944915	115.7871	-796.2386	1	804.6133	-81.72618	-1.107078E-007	-0.1080141	7	1.240796E-005	0.0099836	-327.5937
	45	71	6.317385	145.7131	-982.677	1	993.422	-81.56554	-1.062454E-007	-0.1080132	7	1.006929E-005	0.010003	-327.5937
	46	73	5.008013	184.648	-1215.46	1	1229.405	-81.36189	-1.058567E-007	-0.1080103	7	8.136813E-006	0.0100034	-327.5937
	47	75	4.020154	232.2771	-1485.427	1	1503.478	-81.11259	-1.051426E-007	-0.108014	7	6.652921E-006	0.0100025	-327.5937
	48	78	3.158693	300.6794	-1849.952	1	1874.228	-80.76823	-1.052317E-007	-0.1080082	7	5.336085E-006	0.010001	-327.5937
	49	81	2.504006	388.5862	-2285.274	1	2318.076	-80.34977	-1.089558E-007	-0.108007	7	4.181616E-006	0.0097135	-327.5937
	50	84	1.998082	499.992	-2801.233	1	2845.505	-79.87985	-1.087135E-007	-0.1080098	7	3.573324E-006	0.0101793	-327.5937
	51	88	1.584686	650.5084	-3447.376	1	3508.214	-79.31413	-1.084471E-007	-0.1080082	7	2.869558E-006	0.0100731	-327.5937
	52	93	1.266892	842.0599	-4205.407	1	4288.883	-78.67725	-1.093629E-007	-0.108007	7	2.337279E-006	0.0100278	-327.5937
	53	98	0.999041	1110.458	-5179.033	1	5296.745	-77.8982	-1.094693E-007	-0.1080073	7	1.889676E-006	0.0100111	-327.5937
	54	105	0.7923428	1454.436	-6329.418	1	6494.376	-77.05867	-1.107214E-007	-0.108006	7	1.54031E-006	0.0100045	-327.5937
